0 3.624 12.680 0.632
1 1.433 10.053 0.640
2 16.909 2.680 0.679
3 6.974 6.263 0.693
4 14.050 6.225 0.700
5 10.622 16.309 0.733
6 8.017 25.161 0.750
7 10.402 27.304 0.760
8 1.426 25.993 0.779
9 6.356 2.346 0.792
10 8.662 0.113 0.838
11 2.700 0.700 0.860
12 4.991 17.525 1.136
13 10.977 24.819 1.283
14 5.846 27.605 1.298
15 11.231 19.550 1.302
16 9.814 4.634 1.347
17 1.797 6.661 1.363
18 8.349 18.381 1.393
19 16.253 12.365 1.426
20 2.386 15.614 1.455
21 5.736 9.037 1.460
22 16.648 27.315 1.482
23 14.474 15.607 1.500
24 19.234 19.422 1.525
25 4.473 22.598 1.525
26 13.211 1.598 1.546
27 19.220 25.823 1.562
28 1.705 17.898 1.588
29 19.504 5.410 1.714
30 16.791 8.792 1.744
31 19.251 12.449 1.862
