0.000
0.100
0.200
0.300
0.400
0.500
0.600
0.700
0.800
0.900
1.000
1.100
1.200
1.227
1.227
1.227
1.227
1.227
1.227
1.227
1.227
1.227
1.227
1.227
1.227
1.227
1.227
1.227
1.227
1.227
1.227
1.227
1.227
1.227
1.227
1.227
1.227
1.227
1.227
1.227
1.227
1.227
1.227
1.227
1.227
1.227
1.227
1.227
1.227
1.227
1.227
1.227
1.227
1.227
1.227
1.227
1.227
1.227
1.227
1.227
1.227
1.227
1.227
1.227
1.227
1.227
1.227
1.227
1.227
1.227
1.227
1.227
1.227
1.227
1.227
1.227
1.227
1.227
1.227
1.227
1.227
1.227
1.227
1.227
1.227
1.227
1.227
1.227
1.185
1.085
0.985
0.885
0.785
0.685
0.585
0.485
0.385
0.285
0.185
0.085
0.000
0.000
-0.100
-0.200
-0.300
-0.400
-0.500
-0.600
-0.700
-0.800
-0.900
-1.000
-1.100
-1.200
-1.300
-1.338
-1.338
-1.338
-1.338
-1.296
-1.196
-1.096
-1.080
-1.080
-0.980
-0.880
-0.780
-0.680
-0.580
-0.480
-0.380
-0.280
-0.180
-0.080
0.020
0.037
0.130
0.230
0.330
0.430
0.430
0.430
0.530
0.630
0.730
0.830
0.930
1.023
0.923
0.823
0.723
0.623
0.523
0.423
0.323
0.223
0.123
0.023
-0.077
-0.177
-0.277
-0.377
-0.477
-0.577
-0.677
-0.777
-0.877
-0.977
-1.077
-1.177
-1.277
-1.377
-1.477
-1.577
-1.677
-1.777
-1.877
-1.977
-2.077
-2.177
-2.277
-2.377
-2.477
-2.577
-2.677
-2.777
-2.877
-2.977
-3.077
3.106
3.006
2.906
2.806
2.706
2.606
2.506
2.601
2.701
2.801
2.901
3.001
3.030
3.030
3.130
-3.053
-2.965
-2.987
-3.087
3.096
3.030
3.030
2.930
2.830
2.730
2.630
2.530
2.430
2.330
2.230
2.130
2.030
1.930
1.891
1.891
1.803
1.703
1.603
1.520
1.520
1.420
1.320
1.220
1.120
1.020
0.920
0.820
0.895
0.995
1.095
1.195
1.295
1.395
1.495
1.595
1.695
1.795
1.895
1.995
2.095
2.195
2.295
2.395
2.495
2.595
2.695
2.795
2.895
2.995
3.095
-3.088
-2.988
-2.888
-2.788
-2.688
-2.588
-2.488
-2.388
-2.288
-2.188
-2.088
-1.988
-1.888
-1.788
-1.688
-1.588
-1.488
-1.388
-1.288
-1.188
-1.088
-1.027
-1.080
-1.080
-1.180
-1.280
-1.380
-1.480
-1.580
-1.680
-1.780
-1.880
-1.980
-1.994
-1.994
-2.043
-2.143
-2.243
-2.343
-2.443
-2.543
-2.643
-2.743
-2.843
-2.943
-3.043
3.140
3.040
2.940
2.840
2.740
2.640
2.540
2.440
2.340
2.240
2.140
2.040
1.940
1.840
1.740
1.640
1.540
1.520
1.520
1.420
1.320
1.220
1.120
1.020
0.920
0.820
0.720
0.620
0.520
0.420
0.320
0.220
0.120
0.020
-0.080
-0.180
-0.280
-0.380
-0.404
-0.404
-0.404
-0.404
-0.375
-0.275
-0.220
-0.220
-0.242
-0.342
-0.442
-0.542
-0.642
-0.742
-0.842
-0.942
-1.042
-1.142
-1.242
-1.342
-1.442
-1.542
-1.642
-1.742
-1.842
-1.942
-2.042
-2.142
-2.242
-2.342
-2.442
-2.542
-2.642
-2.742
-2.842
-2.942
-3.042
3.141
3.041
2.941
2.841
2.741
2.641
2.541
2.441
2.536
2.600
2.600
2.664
2.664
2.664
2.664
2.729
2.820
2.820
2.920
3.020
3.120
-3.063
-2.963
-2.863
-2.763
-2.663
-2.563
-2.463
-2.363
-2.263
-2.163
-2.063
-1.963
-1.863
-1.838
-1.838
-1.838
-1.838
-1.838
-1.838
-1.838
-1.838
-1.838
-1.838
-1.838
-1.838
-1.838
-1.838
-1.838
-1.838
-1.742
-1.730
-1.730
-1.828
-1.828
-1.828
-1.828
-1.828
-1.828
-1.828
-1.828
-1.828
-1.828
-1.828
-1.828
-1.828
-1.828
-1.828
-1.817
-1.717
-1.617
-1.517
-1.417
-1.317
-1.300
-1.300
-1.200
-1.100
-1.003
-1.003
-1.003
-1.003
-1.003
-1.003
-1.003
-1.003
-1.003
-1.003
-1.003
-1.003
-1.003
-1.003
-0.982
-0.882
-0.782
-0.682
-0.582
-0.482
-0.430
-0.430
-0.330
-0.230
-0.130
-0.030
0.070
0.170
0.230
0.230
0.230
0.230
0.230
0.279
0.379
0.430
0.430
0.530
0.630
0.695
0.695
0.695
0.695
0.695
0.695
0.695
0.695
0.695
0.695
0.695
0.695
0.619
0.519
0.430
0.430
0.330
0.230
0.230
0.230
0.230
0.230
0.230
0.230
0.230
0.230
0.230
0.320
0.420
0.520
0.620
0.720
0.820
0.920
1.020
1.080
1.080
1.180
1.280
1.380
1.480
1.437
1.337
1.237
1.137
1.037
0.937
0.837
0.737
0.637
0.537
0.437
0.337
0.237
0.137
0.037
-0.063
-0.163
-0.263
-0.363
-0.463
-0.563
-0.663
-0.763
-0.863
-0.963
-1.063
-1.163
-1.263
-1.363
-1.463
-1.563
-1.663
-1.763
-1.863
-1.963
-2.063
-2.163
-2.263
-2.363
-2.463
-2.563
-2.663
-2.763
-2.863
-2.963
-3.063
3.121
3.021
2.921
2.821
2.900
3.000
3.100
-3.083
-3.030
-3.030
-2.930
-2.830
-2.786
-2.786
-2.786
-2.786
-2.786
-2.786
-2.820
-2.820
-2.803
-2.803
-2.803
-2.803
-2.803
-2.803
-2.803
-2.820
-2.820
-2.859
-2.859
-2.859
-2.839
-2.739
-2.639
-2.539
-2.439
-2.339
-2.239
-2.170
-2.170
-2.070
-1.970
-1.870
-1.770
-1.670
-1.625
-1.625
-1.625
-1.625
-1.625
-1.625
-1.625
-1.631
-1.731
-1.831
-1.931
-2.031
-2.131
-2.231
-2.331
-2.431
-2.531
-2.631
-2.731
-2.831
-2.931
-3.031
-3.131
3.052
2.952
2.852
2.752
2.652
2.552
2.452
2.352
2.252
2.152
2.052
1.952
1.852
1.752
1.652
1.552
1.452
1.352
1.252
1.152
1.052
0.952
0.852
0.752
0.652
0.552
0.452
0.352
0.252
0.152
0.052
-0.048
-0.148
-0.220
-0.220
-0.320
-0.420
-0.520
-0.568
-0.568
-0.611
-0.650
-0.650
-0.550
-0.450
-0.350
-0.250
-0.150
-0.050
0.050
0.150
0.250
0.350
0.450
0.550
0.607
0.607
0.607
0.698
0.798
0.898
0.998
1.080
1.080
1.180
1.280
1.380
1.480
1.497
1.497
1.497
1.497
1.497
1.497
1.497
1.497
1.497
1.406
1.306
1.206
1.106
1.006
0.906
0.806
0.706
0.606
0.506
0.406
0.306
0.206
0.106
0.006
-0.094
-0.194
-0.294
-0.394
-0.494
-0.594
-0.694
-0.794
-0.894
-0.994
-1.094
-1.194
-1.294
-1.394
-1.494
-1.594
-1.694
-1.794
-1.894
-1.994
-2.094
-2.194
-2.294
-2.394
-2.494
-2.594
-2.600
-2.600
-2.700
-2.800
-2.844
-2.844
-2.844
-2.844
-2.844
-2.820
-2.820
-2.915
-2.915
-2.915
-2.915
-2.915
-2.915
-2.915
-2.915
-2.915
-3.006
-3.030
-3.030
-3.130
3.053
3.005
3.005
3.005
3.005
3.005
3.005
3.005
3.005
3.005
3.005
3.005
3.005
3.005
3.005
3.005
3.005
3.005
3.005
3.005
3.005
3.005
3.005
3.005
3.005
2.978
2.878
2.820
2.820
2.799
2.799
2.799
2.799
2.799
2.754
2.654
2.554
2.454
2.380
2.380
2.280
2.180
2.080
1.980
1.880
1.928
2.028
2.128
2.228
2.328
2.428
2.528
2.628
2.728
2.828
2.928
3.028
3.128
-3.055
-2.955
-2.855
-2.755
-2.655
-2.555
-2.455
-2.355
-2.255
-2.155
-2.055
-1.955
-1.855
-1.755
-1.655
-1.555
-1.455
-1.355
-1.255
-1.155
-1.055
-0.955
-0.855
-0.755
-0.655
-0.555
-0.455
-0.355
-0.411
-0.430
-0.430
-0.463
-0.463
-0.463
-0.463
-0.463
-0.463
-0.463
-0.388
-0.288
-0.220
-0.220
-0.120
-0.020
0.080
0.102
0.102
0.102
0.102
0.102
0.102
0.102
0.102
0.102
0.102
0.102
0.102
0.102
0.102
0.102
0.102
0.102
0.102
0.102
0.102
0.102
0.102
0.102
0.102
0.102
0.102
0.102
0.102
0.102
0.102
0.102
0.102
0.102
0.102
0.102
0.102
0.102
0.200
0.300
0.400
0.430
0.430
0.530
0.630
0.723
0.723
0.723
0.723
0.723
0.723
0.723
0.723
0.723
0.723
0.723
0.723
0.723
0.723
0.690
0.590
0.490
0.390
0.290
0.190
0.090
-0.010
-0.110
-0.210
-0.220
-0.220
-0.320
-0.420
-0.436
-0.336
-0.236
-0.136
-0.036
0.064
0.164
0.264
0.364
0.464
0.564
0.664
0.764
0.864
0.964
1.064
1.164
1.264
1.364
1.464
1.564
1.664
1.764
1.864
1.964
2.064
2.164
2.264
2.364
2.464
2.564
2.664
2.764
2.864
2.964
3.064
-3.119
-3.019
-2.919
-2.819
-2.719
-2.619
-2.519
-2.419
-2.476
-2.576
-2.600
-2.600
-2.700
-2.800
-2.900
-3.000
-3.100
3.083
2.983
2.883
2.783
2.734
2.734
2.810
2.820
2.820
2.720
2.681
2.681
2.681
2.681
2.681
2.681
2.681
2.681
2.681
2.681
2.681
2.681
2.681
2.681
2.664
2.564
2.464
2.364
2.264
2.164
2.064
1.964
1.864
1.764
1.664
1.564
1.464
1.364
1.264
1.164
1.064
0.964
0.864
0.764
0.664
0.564
0.464
0.364
0.264
0.220
0.220
0.120
0.020
-0.080
-0.180
-0.280
-0.380
-0.480
-0.580
-0.680
-0.780
-0.880
-0.980
-1.080
-1.180
-1.280
-1.380
-1.480
-1.580
-1.680
-1.780
-1.880
-1.980
-2.006
-2.006
-2.006
-2.006
-2.006
-2.006
-2.006
-2.006
-2.006
-2.006
-2.006
-2.006
-2.024
-2.124
-2.224
-2.324
-2.380
-2.380
-2.480
-2.580
-2.680
-2.719
-2.719
-2.719
-2.719
-2.719
-2.738
-2.820
-2.820
-2.862
-2.862
-2.862
-2.843
-2.743
-2.643
-2.543
-2.443
-2.343
-2.243
-2.170
-2.170
-2.111
-2.111
-2.179
-2.279
-2.379
-2.479
-2.579
-2.679
-2.779
-2.820
-2.820
-2.920
-3.020
-3.120
3.063
2.963
2.863
2.763
2.663
2.563
2.463
2.363
2.266
2.266
2.266
2.266
2.266
2.266
2.266
2.214
2.114
2.014
1.914
1.814
1.730
1.730
1.630
1.530
1.527
1.527
1.527
1.527
1.527
1.591
1.691
1.730
1.730
1.775
1.675
1.575
1.475
1.375
1.275
1.175
1.075
0.975
0.875
0.775
0.675
0.575
0.475
0.375
0.275
0.175
0.075
-0.025
-0.125
-0.225
-0.325
-0.425
-0.525
-0.625
-0.725
-0.825
-0.925
-1.025
-1.125
-1.225
-1.325
-1.425
-1.525
-1.625
-1.725
-1.825
-1.925
-2.025
-1.950
-1.950
-1.850
-1.750
-1.650
-1.550
-1.470
-1.470
-1.470
-1.451
-1.351
-1.300
-1.300
-1.200
-1.100
-1.000
-0.900
-0.985
-1.085
-1.185
-1.285
-1.385
-1.485
-1.585
-1.685
-1.785
-1.885
-1.985
-2.085
-2.185
-2.285
-2.385
-2.485
-2.585
-2.685
-2.785
-2.885
-2.985
-3.085
3.098
2.998
2.898
2.798
2.698
2.598
2.498
2.398
2.298
2.198
2.098
1.998
1.898
1.798
1.698
1.598
1.498
1.398
1.298
1.198
1.098
0.998
0.898
0.798
0.698
0.598
0.498
0.592
0.692
0.792
0.892
0.992
1.080
1.080
1.180
1.280
1.380
1.450
1.450
1.493
1.593
1.693
1.793
1.893
1.993
2.093
2.193
2.293
2.393
2.493
2.593
2.600
2.600
2.700
2.719
2.719
2.678
2.578
2.478
2.378
2.278
2.178
2.078
1.978
1.878
1.778
1.678
1.578
1.478
1.378
1.300
1.300
1.200
1.100
1.000
0.900
0.800
0.700
0.600
0.500
0.400
0.431
0.531
0.631
0.731
0.831
0.931
1.031
1.131
1.231
1.331
1.431
1.531
1.631
1.731
1.831
1.931
2.031
2.131
2.231
2.331
2.431
2.531
2.631
2.731
2.831
2.931
3.031
3.131
-3.052
-2.952
-2.852
-2.752
-2.652
-2.552
-2.452
-2.352
-2.252
-2.152
-2.052
-1.952
-1.852
-1.752
-1.652
-1.740
-1.840
-1.940
-1.950
-1.950
-2.050
-2.150
-2.250
-2.291
-2.291
-2.291
-2.209
-2.170
-2.170
-2.070
-1.970
-1.870
-1.770
-1.670
-1.570
-1.506
-1.506
-1.506
-1.506
-1.506
-1.506
-1.506
-1.506
-1.506
-1.506
-1.471
-1.371
-1.271
-1.171
-1.080
-1.080
-0.980
-0.880
-0.780
-0.680
-0.680
-0.680
-0.680
-0.680
-0.680
-0.680
-0.680
-0.680
-0.680
-0.680
-0.680
-0.680
-0.680
-0.734
-0.834
-0.934
-1.034
-1.134
-1.234
-1.334
-1.434
-1.534
-1.634
-1.734
-1.834
-1.934
-2.034
-2.134
-2.234
-2.334
-2.434
-2.534
-2.634
-2.734
-2.834
-2.934
-3.034
-3.134
3.049
2.949
2.849
2.749
2.649
2.549
2.449
2.349
2.249
2.170
2.170
2.070
1.970
1.870
1.770
1.670
1.570
1.502
1.502
1.520
1.520
1.420
1.320
1.220
1.218
1.218
1.218
1.218
1.218
1.218
1.218
1.218
1.218
1.218
1.218
1.218
1.218
1.218
1.218
1.184
1.084
0.984
0.884
0.784
0.684
0.584
0.484
0.430
0.430
0.330
0.230
0.130
0.030
-0.070
-0.170
-0.270
-0.289
-0.289
-0.289
-0.289
-0.289
-0.289
-0.289
-0.289
-0.289
-0.289
-0.289
-0.289
-0.289
-0.289
-0.289
-0.289
-0.289
-0.289
-0.289
-0.289
-0.289
-0.370
-0.430
-0.430
-0.530
-0.630
-0.730
-0.749
-0.749
-0.749
-0.749
-0.749
-0.749
-0.749
-0.749
-0.749
-0.830
-0.870
-0.870
-0.899
-0.999
-1.099
-1.199
-1.299
-1.399
-1.499
-1.599
-1.699
-1.799
-1.899
-1.999
-2.099
-2.199
-2.299
-2.399
-2.499
-2.599
-2.699
-2.799
-2.899
-2.999
-3.099
3.084
2.984
2.884
2.784
2.684
2.584
2.484
2.384
2.284
2.184
2.084
1.984
1.884
1.784
1.684
1.584
1.484
1.384
1.284
1.184
1.084
0.984
0.884
0.784
0.684
0.584
0.484
0.384
0.284
0.184
0.084
-0.016
0.000
0.000
-0.100
-0.200
-0.244
-0.244
-0.244
-0.244
-0.244
-0.244
-0.244
-0.167
-0.067
0.033
0.133
0.233
0.333
0.433
0.533
0.633
0.733
0.833
0.933
1.033
1.133
1.233
1.333
1.433
1.533
1.633
1.733
1.833
1.933
2.033
2.133
2.233
2.333
2.380
2.380
2.442
2.442
2.442
2.442
2.442
2.395
2.295
2.195
2.095
1.995
1.895
1.795
1.695
1.595
1.495
1.395
1.295
1.195
1.095
0.995
0.895
0.795
0.695
0.595
0.495
0.395
0.295
0.220
0.220
0.154
0.154
0.144
0.044
-0.056
-0.156
-0.220
-0.220
-0.320
-0.420
-0.520
-0.620
-0.720
-0.820
-0.920
-1.020
-1.120
-1.204
-1.204
-1.204
-1.204
-1.204
-1.204
-1.204
-1.204
-1.204
-1.204
-1.204
-1.251
-1.351
-1.451
-1.551
-1.651
-1.730
-1.730
-1.830
-1.930
-2.030
-2.130
-2.225
-2.225
-2.225
-2.225
-2.183
-2.170
-2.170
-2.070
-2.043
-2.043
-2.043
-2.043
-2.043
-2.043
-2.043
-2.043
-2.043
-2.043
-2.043
-2.043
-2.043
-2.056
-2.156
-2.256
-2.356
-2.456
-2.556
-2.656
-2.756
-2.856
-2.956
-3.056
3.127
3.027
2.927
2.827
2.727
2.627
2.527
2.427
2.327
2.227
2.127
2.027
1.927
1.827
1.727
1.627
1.527
1.427
1.327
1.227
1.127
1.027
0.927
0.827
0.727
0.627
0.527
0.427
0.327
0.227
0.127
0.027
-0.073
-0.173
-0.273
-0.373
-0.430
-0.430
-0.530
-0.630
-0.730
-0.830
-0.874
-0.874
-0.874
-0.943
-1.043
-1.080
-1.080
-1.157
-1.157
-1.157
-1.157
-1.157
-1.157
-1.157
-1.157
-1.157
-1.093
-0.993
-0.893
-0.793
-0.693
-0.593
-0.493
-0.393
-0.293
-0.193
-0.093
0.000
0.000
0.100
0.200
0.300
0.400
0.500
0.600
0.700
0.800
0.900
1.000
1.100
1.200
1.300
1.400
1.500
1.600
1.700
1.800
1.900
2.000
2.100
2.200
2.256
2.256
2.256
2.256
2.256
2.256
2.256
2.256
2.256
2.256
2.256
2.256
2.256
2.256
2.179
2.079
1.979
1.950
1.950
1.885
1.885
1.885
1.885
1.885
1.885
1.848
1.748
1.648
1.548
1.448
1.348
1.248
1.148
1.080
1.080
0.980
0.880
0.780
0.680
0.580
0.480
0.380
0.280
0.180
0.080
0.052
0.152
0.252
0.352
0.452
0.552
0.652
0.752
0.852
0.952
1.052
1.152
1.252
1.352
1.452
1.552
1.652
1.752
1.852
1.952
2.052
2.152
2.252
2.352
2.452
2.552
2.652
2.752
2.852
2.952
3.052
-3.131
-3.031
-2.931
-2.831
-2.731
-2.631
-2.531
-2.431
-2.331
-2.231
-2.131
-2.031
-1.931
-1.831
-1.731
-1.790
-1.890
-1.950
-1.950
-2.005
-2.005
-2.037
-2.137
-2.237
-2.337
-2.437
-2.537
-2.637
-2.737
-2.837
-2.937
-3.030
-3.030
-3.130
3.053
2.953
2.853
2.769
2.769
2.769
2.769
2.769
2.769
2.769
2.769
2.769
2.671
2.600
2.600
2.500
2.463
2.463
2.463
2.463
2.463
2.463
2.463
2.463
2.493
2.593
2.600
2.600
2.697
2.697
2.697
2.697
2.691
2.600
2.600
2.500
2.400
2.300
2.200
2.122
2.122
2.122
2.122
2.122
2.145
2.245
2.345
2.445
2.545
2.645
2.745
2.845
2.945
3.045
-3.138
-3.038
-2.938
-2.838
-2.738
-2.638
-2.538
-2.438
-2.338
-2.238
-2.138
-2.038
-1.938
-1.838
-1.738
-1.638
-1.538
-1.438
-1.338
-1.238
-1.138
-1.038
-0.938
-0.838
-0.738
-0.638
-0.538
-0.438
-0.338
-0.238
-0.138
-0.038
0.062
0.162
0.262
0.362
0.462
0.562
0.662
0.762
0.862
0.962
1.062
1.080
1.080
1.180
1.280
1.380
1.480
1.580
1.680
1.721
1.730
1.730
1.830
1.930
2.030
2.130
2.217
2.217
2.217
2.217
2.217
2.133
2.033
1.933
1.833
1.733
1.730
1.730
1.630
1.530
1.430
1.422
1.422
1.422
1.422
1.422
1.422
1.481
1.581
1.681
1.781
1.881
1.981
2.081
2.181
2.281
2.381
2.481
2.581
2.681
2.781
2.820
2.820
2.920
3.020
3.120
-3.063
-2.963
-2.863
-2.851
-2.951
-3.051
3.132
3.032
2.932
2.832
2.732
2.632
2.532
2.432
2.332
2.232
2.132
2.032
1.932
1.832
1.732
1.632
1.532
1.432
1.332
1.232
1.132
1.032
0.932
0.832
0.732
0.632
0.532
0.432
0.332
0.232
0.132
0.032
-0.068
-0.168
-0.268
-0.368
-0.468
-0.568
-0.668
-0.768
-0.868
-0.968
-1.068
-1.168
-1.268
-1.283
-1.183
-1.083
-1.080
-1.080
-0.980
-0.880
-0.780
-0.775
-0.775
-0.775
-0.799
-0.870
-0.870
-0.970
-1.070
-1.170
-1.270
-1.370
-1.382
-1.382
-1.382
-1.382
-1.382
-1.382
-1.382
-1.382
-1.382
-1.382
-1.382
-1.382
-1.382
-1.382
-1.382
-1.382
-1.367
-1.300
-1.300
-1.200
-1.140
-1.140
-1.140
-1.140
-1.140
-1.140
-1.140
-1.140
-1.140
-1.140
-1.140
-1.140
-1.140
-1.095
-0.995
-0.895
-0.795
-0.695
-0.595
-0.495
-0.395
-0.295
-0.195
-0.095
0.000
0.000
0.100
0.200
0.300
0.400
0.437
0.437
0.437
0.437
0.337
0.237
0.137
0.037
-0.063
-0.163
-0.263
-0.363
-0.463
-0.563
-0.650
-0.650
-0.750
-0.850
-0.950
-1.050
-1.150
-1.250
-1.350
-1.450
-1.550
-1.650
-1.750
-1.850
-1.950
-2.050
-2.150
-2.250
-2.350
-2.450
-2.550
-2.650
-2.750
-2.850
-2.950
-3.050
3.133
3.033
2.933
2.833
2.733
2.633
2.533
2.433
2.333
2.233
2.133
2.067
2.067
2.067
2.067
2.067
1.978
1.878
1.778
1.678
1.578
1.478
1.378
1.300
1.300
1.200
1.100
1.000
0.900
0.800
0.700
0.600
0.591
0.591
0.495
0.395
0.295
0.220
0.220
0.241
0.341
0.441
0.541
0.641
0.741
0.841
0.941
1.041
1.141
1.241
1.341
1.441
1.541
1.641
1.741
1.841
1.941
2.041
2.141
2.241
2.341
2.441
2.541
2.641
2.741
2.841
2.941
3.041
3.141
-3.042
-2.942
-2.842
-2.742
-2.642
-2.542
-2.442
-2.342
-2.242
-2.142
-2.098
-2.198
-2.298
-2.398
-2.498
-2.598
-2.698
-2.798
-2.898
-2.998
-3.098
3.085
2.985
2.885
2.785
2.685
2.600
2.600
2.500
2.400
2.300
2.200
2.100
2.000
1.900
1.800
1.700
1.600
1.500
1.400
1.300
1.200
1.123
1.123
1.123
1.123
1.123
1.080
1.080
1.180
1.239
1.260
1.360
1.460
1.560
1.660
1.760
1.860
1.950
1.950
2.050
2.049
1.949
1.849
1.749
1.649
1.549
1.449
1.349
1.249
1.149
1.049
0.949
0.849
0.749
0.649
0.549
0.449
0.349
0.249
0.149
0.049
-0.051
-0.151
-0.251
-0.351
-0.451
-0.551
-0.651
-0.751
-0.851
-0.951
-1.051
-1.151
-1.251
-1.351
-1.451
-1.551
-1.651
-1.751
-1.851
-1.951
-2.051
-2.151
-2.196
-2.170
-2.170
-2.270
-2.370
-2.470
-2.570
-2.670
-2.770
-2.870
-2.936
-2.936
-2.936
-2.936
-2.936
-2.936
-2.936
-2.936
-2.936
-2.936
-2.936
-2.936
-2.936
-2.936
-2.936
-2.936
-2.936
-2.936
-2.939
-3.039
-3.139
3.045
2.945
2.845
2.745
2.645
2.545
2.445
2.345
2.245
2.170
2.170
2.070
1.970
1.870
1.770
1.670
1.570
1.529
1.629
1.729
1.829
1.929
2.029
2.129
2.229
2.329
2.429
2.529
2.629
2.729
2.829
2.929
3.029
3.129
-3.054
-2.954
-2.854
-2.754
-2.654
-2.554
-2.454
-2.354
-2.254
-2.154
-2.054
-1.954
-1.854
-1.754
-1.654
-1.554
-1.454
-1.354
-1.254
-1.154
-1.054
-0.954
-0.854
-0.754
-0.654
-0.554
-0.454
-0.354
-0.254
-0.154
-0.054
0.046
0.009
-0.091
-0.191
-0.291
-0.391
-0.430
-0.430
-0.530
-0.630
-0.730
-0.830
-0.930
-0.954
-0.954
-0.954
-0.997
-1.080
-1.080
-1.180
-1.280
-1.304
-1.304
-1.304
-1.304
-1.304
-1.304
-1.304
-1.304
-1.304
-1.304
-1.304
-1.304
-1.304
-1.304
-1.304
-1.304
-1.304
-1.304
-1.304
-1.300
-1.300
-1.321
-1.321
-1.321
-1.321
-1.321
-1.378
-1.478
-1.578
-1.678
-1.778
-1.878
-1.950
-1.950
-2.050
-2.150
-2.250
-2.324
-2.324
-2.324
-2.324
-2.324
-2.324
-2.250
-2.150
-2.050
-1.950
-1.850
-1.750
-1.650
-1.550
-1.450
-1.350
-1.250
-1.150
-1.050
-0.950
-0.850
-0.750
-0.650
-0.550
-0.450
-0.350
-0.250
-0.150
-0.050
0.050
0.150
0.250
0.350
0.450
0.550
0.650
0.750
0.850
0.950
1.050
1.150
1.250
1.350
1.450
1.550
1.650
1.750
1.850
1.950
2.050
2.150
2.250
2.350
2.450
2.550
2.650
2.750
2.820
2.820
2.920
3.020
3.120
-3.063
-2.963
-2.886
-2.886
-2.886
-2.886
-2.886
-2.886
-2.886
-2.886
-2.886
-2.886
-2.886
-2.952
-3.030
-3.030
-3.130
3.053
2.975
2.975
2.975
2.900
2.820
2.820
2.720
2.620
2.520
2.485
2.585
2.685
2.785
2.885
2.985
3.085
-3.098
-2.998
-2.898
-2.798
-2.698
-2.598
-2.498
-2.398
-2.298
-2.198
-2.098
-1.998
-1.898
-1.798
-1.698
-1.598
-1.498
-1.398
-1.298
-1.198
-1.098
-0.998
-0.898
-0.798
-0.698
-0.598
-0.498
-0.398
-0.298
-0.198
-0.098
0.002
0.102
0.202
0.302
0.402
0.502
0.602
0.702
0.770
0.670
0.650
0.650
0.550
0.450
0.350
0.289
0.289
0.289
0.289
0.289
0.289
0.289
0.233
0.133
0.033
-0.067
-0.167
-0.267
-0.367
-0.467
-0.567
-0.667
-0.767
-0.867
-0.967
-1.067
-1.167
-1.267
-1.367
-1.467
-1.567
-1.667
-1.767
-1.867
-1.967
-2.067
-2.167
-2.267
-2.367
-2.467
-2.567
-2.667
-2.767
-2.867
-2.967
-3.067
3.116
3.016
2.916
2.816
2.716
2.616
2.516
2.416
2.316
2.216
2.170
2.170
2.070
1.970
1.870
1.770
1.670
1.570
1.470
1.370
1.270
1.170
1.070
0.970
0.870
0.770
0.670
0.641
0.641
0.641
0.597
0.497
0.430
0.430
0.398
0.398
0.398
0.398
0.398
0.398
0.398
0.398
0.398
0.398
0.398
0.464
0.564
0.664
0.764
0.864
0.964
1.064
1.164
1.264
1.364
1.464
1.564
1.664
1.764
1.864
1.964
2.064
2.164
2.264
2.364
2.464
2.564
2.664
2.764
2.864
2.964
3.064
-3.119
-3.019
-2.919
-2.819
-2.719
-2.619
-2.600
-2.600
-2.500
-2.400
-2.300
-2.200
-2.100
-2.000
-1.900
-1.857
-1.857
-1.857
-1.857
-1.770
-1.730
-1.730
-1.630
-1.530
-1.430
-1.335
-1.335
-1.335
-1.335
-1.335
-1.335
-1.335
-1.335
-1.335
-1.335
-1.335
-1.335
-1.335
-1.335
-1.335
-1.335
-1.335
-1.335
-1.335
-1.335
-1.335
-1.335
-1.335
-1.335
-1.335
-1.335
-1.335
-1.335
-1.384
-1.484
-1.584
-1.684
-1.784
-1.884
-1.984
-2.084
-2.184
-2.284
-2.384
-2.484
-2.584
-2.684
-2.784
-2.884
-2.984
-3.084
3.099
2.999
2.899
2.799
2.699
2.600
2.600
2.500
2.400
2.300
2.200
2.100
2.000
1.900
1.800
1.700
1.600
1.500
1.400
1.300
1.200
1.100
1.000
0.957
0.957
0.957
1.043
1.080
1.080
1.180
1.280
1.380
1.480
1.569
1.569
1.569
1.569
1.569
1.569
1.569
1.569
1.569
1.569
1.569
1.569
1.569
1.569
1.569
1.569
1.569
1.569
1.569
1.569
1.569
1.569
1.569
1.569
1.569
1.569
1.569
1.569
1.569
1.569
1.569
1.569
1.569
1.569
1.569
1.569
1.475
1.375
1.300
1.300
1.200
1.107
1.107
1.107
1.107
1.107
1.069
0.969
0.869
0.769
0.669
0.569
0.469
0.369
0.269
0.169
0.069
-0.031
-0.131
-0.231
-0.331
-0.431
-0.531
-0.631
-0.731
-0.831
-0.931
-1.031
-1.131
-1.231
-1.331
-1.431
-1.531
-1.631
-1.731
-1.831
-1.931
-2.031
-2.131
-2.231
-2.331
-2.431
-2.531
-2.631
-2.731
-2.831
-2.931
-3.031
-3.131
3.052
2.952
2.852
2.752
2.652
2.600
2.600
2.500
2.400
2.300
2.200
2.100
2.000
1.900
1.800
1.700
1.600
1.500
1.495
1.406
1.306
1.206
1.106
1.006
0.906
0.806
0.706
0.650
0.650
0.550
0.450
0.350
0.250
0.150
0.050
-0.050
-0.150
-0.250
-0.350
-0.450
-0.534
-0.534
-0.534
-0.470
-0.430
-0.430
-0.330
-0.230
-0.130
-0.030
0.070
0.170
0.270
0.370
0.470
0.570
0.670
0.770
0.870
0.969
0.969
1.049
1.080
1.080
0.980
0.880
0.780
0.680
0.580
0.480
0.380
0.280
0.180
0.080
-0.020
-0.080
-0.080
-0.080
-0.080
-0.080
-0.080
-0.080
-0.109
-0.209
-0.309
-0.409
-0.509
-0.609
-0.709
-0.809
-0.909
-1.009
-1.109
-1.209
-1.309
-1.409
-1.509
-1.609
-1.709
-1.809
-1.909
-2.009
-2.109
-2.170
-2.170
-2.270
-2.370
-2.470
-2.570
-2.670
-2.770
-2.870
-2.970
-3.070
3.113
3.013
2.913
2.813
2.713
2.613
2.513
2.413
2.313
2.213
2.113
2.013
1.992
1.992
1.992
1.992
1.992
1.992
1.922
1.822
1.722
1.622
1.522
1.422
1.322
1.222
1.122
1.080
1.080
0.980
0.880
0.780
0.680
0.580
0.480
0.380
0.280
0.180
0.080
-0.020
-0.059
-0.059
0.001
0.101
0.201
0.220
0.220
0.231
0.231
0.231
0.231
0.231
0.231
0.231
0.231
0.231
0.231
0.231
0.231
0.231
0.231
0.177
0.077
-0.023
-0.123
-0.223
-0.323
-0.423
-0.523
-0.623
-0.723
-0.823
-0.923
-1.023
-1.123
-1.223
-1.323
-1.423
-1.523
-1.623
-1.723
-1.823
-1.923
-2.023
-2.123
-2.223
-2.323
-2.423
-2.523
-2.623
-2.723
-2.820
-2.820
-2.920
-3.020
-3.120
3.063
2.963
2.863
2.763
2.663
2.563
2.463
2.363
2.263
2.163
2.066
2.066
2.162
2.262
2.362
2.462
2.562
2.662
2.762
2.820
2.820
2.920
3.020
3.120
-3.063
-2.963
-2.863
-2.763
-2.663
-2.563
-2.463
-2.363
-2.263
-2.163
-2.063
-1.963
-1.863
-1.763
-1.668
-1.668
-1.668
-1.668
-1.668
-1.668
-1.668
-1.668
-1.583
-1.520
-1.520
-1.420
-1.349
-1.349
-1.349
-1.349
-1.349
-1.349
-1.349
-1.349
-1.349
-1.349
-1.349
-1.349
-1.349
-1.349
-1.349
-1.349
-1.349
-1.349
-1.349
-1.349
-1.300
